start=361.319000
volume=54.000000
fullscreen=yes
aid=1
