start=864.655000
pause=yes
volume=50.000000
fullscreen=yes
aid=1
sid=1
