start=2537.660125
volume=56.000000
fullscreen=yes
aid=1
sid=1
