start=186.853333
volume=66.000000
fullscreen=yes
sid=1
