start=96.388000
volume=100.000000
fullscreen=yes
aid=1
sid=1
